0.6764193999988493
1.4718036999984179
0.8335996000096202
0.8805362000130117
0.8862219000002369
0.7288180000032298
0.7368081999884453
0.7583464999916032
0.9154568999947514
0.658450199989602
0.7351093999750447
0.6446632000152022
0.7131962999992538
0.6664740999985952
1.0480799000069965
0.6660726999980398
0.8801820000226144
1.032958800002234
0.6568793000187725
0.7701303999929223
0.7116967999900226
0.7442844999895897
0.7912932000181172
0.7226884999836329
1.3068036999902688
0.7028592000133358
1.1960932999791112
0.9098807999980636
0.6853850000188686
0.7015953999944031
0.7129368999740109
0.6830622999987099
0.6707663999986835
0.6645531000103801
0.6993941999971867
0.6734882000018843
0.6529179000062868
0.6955015000130516
0.679064500000095
0.6496546000125818
0.7395363999821711
0.7606843000103254
1.62457600000198
0.7102059999888297
0.7721098999900278
0.9252731000015046
0.8774921999720391
0.7826684000028763
0.7071447999915108
0.9257381999923382
0.7906791999994311
0.7322054000105709
1.1796729000052437
0.7339883000240661
0.9933853999827988
1.2275178999989294
1.0910217999771703
0.7647375999949872
0.6683783000044059
0.7007993999868631
0.9805368999950588
1.274003200000152
0.8444523999933153
0.9751026000012644
0.8340606999990996
1.3423478999757208
1.1141381999768782
1.39171830000123
1.1608503999887034
1.1365152999933343
0.8879789999919012
1.0051656999858096
1.2302421999920625
1.6025948000024073
1.5385382999957073
0.922467999975197
1.58374279999407
1.934129400004167
1.818976799986558
1.018467599991709
