0.5434292000136338
0.6423267000063788
0.6371025000116788
0.6945252000004984
0.6569844000041485
0.5766078000015114
0.6443702999968082
0.7029923000081908
0.6153041000070516
0.6255059000104666
0.5807773999986239
0.5774492000055034
0.5841867999988608
0.5953501999902073
0.6045632000023033
0.6081515999976546
0.6889815999893472
1.0350744999886956
0.5666367000085302
0.5609632999985479
0.6389031000144314
0.599927100003697
0.7182978999917395
0.5737023999972735
0.6195225999981631
0.7286300999985542
0.7379524999996647
0.6992543999804184
0.596229199989466
0.5624796999909449
0.5648021000088193
0.5605916999920737
0.5640572000120301
0.5738429999910295
0.609721199987689
0.5802198000019416
0.6223298999830149
0.5727748999779578
0.5716263000213075
0.6117146000033244
0.5754205999837723
0.5752192000218201
0.6105663000198547
0.743077799997991
0.6293617000046652
0.6146809000056237
0.7559077000187244
0.9922434999898542
0.6665725999919232
0.5626563999976497
0.8859330000123009
0.5756549999932759
0.9287633000058122
0.6214593999902718
0.5663857999898028
1.3064838999998756
0.6271938999998383
0.6776083000004292
0.6136089999927208
0.6657056999974884
0.6033841999887954
0.8337284000008367
0.7596160999964923
0.6617579000012483
1.0072538999957033
0.8850678000017069
0.8490080000192393
0.6554241999983788
0.7694627000018954
0.6975740999914706
1.0881140000128653
1.1394086999935098
2.04336399998283
1.0927956000086851
0.8991106000030413
0.6683470999996644
0.6939695000182837
1.0890701999887824
1.0497282999858726
1.1696760000195354
